6.8529152732818333e-01 6.8736888125088902e-01
        7.7301843468002052e-01 1.2215180774316298e-01
        4.8792143059938292e-01 3.4364182420991707e+00
        9.6273394166712301e-01 4.6226969043818122e-01
        1.8169146266049774e+00 3.8667712819658338e+00
        8.1003933629317537e-01 4.9795495812389321e+00
        2.8601200492621599e+00 3.1692617389172066e+00
        1.0175585838485552e+00 2.4826726068327138e+00
        3.2586501448968264e+00 3.9217261618233739e+00
        1.0090933778537095e+00 1.2551034198246662e+00
        4.6626470375436913e-01 2.4500991380116592e+00
        2.5785523879606198e-01 3.7384855272834789e+00
        7.0762750383604347e+00 2.6298331622119591e+00
        2.1313009385980584e+00 2.2275458898765437e+00
        7.0475555601897284e+00 5.4722003235021721e-01
        3.5402703842361318e+00 4.0637426380480379e+00
        3.1898172102842723e+00 2.2453276207330477e+00
        2.8545717136885971e+00 3.4012189771497563e+00
        9.9127866857191305e-01 2.1333095192143130e+00
        2.4612324235449643e+00 1.8292882184105392e+00
        8.6034052656668569e-01 3.6877176610960249e-01
        1.6509003077031885e+00 8.5110534374281706e+00
        2.4074747473405096e+00 2.2892772117717004e+00
        9.9896144645996543e-01 4.5266456100771224e+00
        1.8016965449105943e-01 1.5892472965265594e+00
        1.7283823467008828e+00 3.1906543042862303e+00
        1.9151799211120604e+00 5.6479217864678759e+00
        3.0635295598452545e+00 1.5334196399639068e+00
        2.6427307248283958e+00 1.9217522484886655e+00
        4.6123984267098823e+00 3.0500173044089300e+00
        1.4443151333758162e+00 2.7630390929716868e+00
        2.0290032158905476e+00 2.0749430230434251e+00
        3.9762267430708413e+00 2.8321083601539541e-02
        7.3667634130486439e+00 1.4961231716569436e+00
        3.6975198754222571e-01 3.1288817150186432e+00
        2.4139462966783736e+00 6.3790127543727704e-01
        1.1151442839131289e+00 1.6904927853237270e+00
        1.4847937732316905e+00 3.2753510011894100e+00
        1.4511131793960745e+00 4.9219977295089468e+00
        4.2940068595841261e+00 1.7640871923667942e+00
        3.5730352002309256e+00 2.8574202102435736e-01
        5.3932435475104312e-01 1.6260921569141638e+00
        4.6019708176373326e+00 8.0277107832299954e+00
        1.5099668280957668e+00 3.5348440265184884e+00
        2.3546599754301085e+00 2.3931662737830459e+00
        5.8016094963118432e+00 2.4223389886748552e+00
        1.5526355230375708e+00 7.4107559240549890e+00
        3.8846807725564658e+00 2.5752156329362892e+00
        2.5316256196504505e+00 4.7377280951556786e+00
        1.8813886693696655e+00 3.7542065888037179e-01
        1.0685790602809981e+00 1.5461859505010662e+00
        3.8180804916372408e+00 1.2604647247453677e+00
        2.5155154748213735e+00 1.6323693522302833e+00
        1.5358084777292377e-01 5.6005046627118228e-02
        2.9374445685296382e+00 1.5448892858947374e+00
        4.5096415187829431e+00 3.2324414454310779e+00
        1.1742313731030698e+00 2.0164236704266919e-01
        1.3461734775793031e+00 4.6981625332866210e+00
        1.2582509310201175e+00 1.6331299852186569e+00
        2.2306152140516994e-01 1.7541200296300175e+00
        3.0959218880103414e+00 4.8946733035949724e-01
        1.2286673043510180e-01 1.2418658024591742e+00
        1.8015565064539507e+00 1.1340861080756823e+00
        6.4677623390020378e-01 2.9768350132612258e+00
        2.3381121120439903e+00 3.1434185767129050e+00
        5.7246341036346360e-01 3.4823838660483208e-01
        3.3699400592135498e+00 7.4182216302203017e+00
        3.8691195381408532e+00 5.9836581365240860e-01
        5.2761456838576475e+00 5.4196062244690770e+00
        4.9785309399036883e+00 2.9248631517780614e+00
        2.8879573466216000e+00 1.4298524653991882e+00
        4.6737385813801318e+00 3.5712928939929478e-01
        6.3547136717970876e-01 9.4070023576364126e-01
        1.7589093833895237e+00 2.3366881716086901e-02
        2.8167729619515707e+00 3.1519383670083313e-02
        1.3084381885925198e+00 1.3040148152981246e+00
        1.0745843647669291e+00 2.8794267840988539e+00
        2.8510828630431044e+00 1.5026583040731203e+00
        2.0287928151671495e+00 3.5366076200273899e-01
        8.2188380515759203e+00 7.8411828209249013e-01
        1.7876424906262247e+00 3.7619662523377158e+00
        8.8891123375197278e-01 8.3393524954589076e+00
        2.5794330691995113e+00 4.6882515545894438e-01
        8.8515801005106498e-01 3.2552127549584298e+00
        5.4178478401347716e+00 8.8931832630757962e-02
        8.4241478844938715e+00 7.2272491753639134e-01
        9.0176049137488112e-01 4.3971824019251802e+00
        2.1787960046412813e+00 6.9208332392979344e-01
        6.1619743133436189e-01 1.0652808518252829e+01
        2.4006452216185208e+00 8.9575425165793587e-02
        8.2360291360267468e-01 4.0132665681587026e-01
        3.1420874365050133e-01 1.5845075689078718e+00
        8.0762068152856503e-01 6.6174582557773487e-01
        3.3959911131363069e-01 2.7716292072300681e+00
        2.2952647763444158e+00 1.1736242020370962e+00
        4.5900896793641657e+00 7.0975744736764845e-01
        4.4327629905238490e+00 1.0348913218892253e+00
        -2.9594009596111910e+00 -1.5571156744959989e+00
        -4.4745808059955111e-01 -1.3194172243951148e+00
        -5.5419552714774015e-02 -8.6038505329907338e+00
        -3.1984176707106347e+00 -6.7336829418868505e-01
        -2.8812236628318968e+00 -3.3500045370726474e+00
        -9.9362256591113807e-01 -2.0655854112154426e+00
        -3.0567979303880413e+00 -3.1023649721265740e+00
        -5.0197045605966757e+00 -6.2660670374864269e-01
        -3.8155949687440875e+00 -4.0625900810868609e+00
        -1.0648698983771103e+01 -1.3436356298127727e+00
        -1.0957054760732929e+00 -7.7972572539785001e-01
        -7.4519339907238125e-01 -9.3131608213180095e-01
        -3.1516106308786505e+00 -1.8549587147637592e+00
        -2.7120114577916570e+00 -2.5515561346164128e-01
        -3.1095090791180895e+00 -2.7332504194805836e+00
        -1.6017957265263785e+00 -6.1651882285230686e-01
        -4.7250004532914269e-01 -3.4819708931644047e+00
        -1.7348784922382980e+00 -2.8146508406826354e+00
        -3.5834759449267413e+00 -2.4035267903170440e-01
        -3.2906739915193390e+00 -1.3344246694488564e+00
        -4.7552949215181242e+00 -3.5295408796995331e+00
        -2.2987107003977778e+00 -1.3436680051007099e+00
        -2.9203839872285169e+00 -4.6169895430985952e-01
        -4.7139667903809232e-02 -1.3570081514607073e+00
        -8.6432359133700531e-01 -2.0900196785335612e+00
        -2.8830384783184320e+00 -7.9956655572573782e-02
        -1.9733462931714267e+00 -1.5986740017336554e+00
        -3.4234671227765250e+00 -6.1880461475384507e-01
        -1.9262311661428193e+00 -2.1248561000868884e+00
        -1.0217723250400408e+00 -6.0923215690069972e+00
        -6.1817761755314948e-01 -1.0833274779190746e-01
        -2.3244096863711556e+00 -4.3482738854334508e+00
        -2.3135359760188563e+00 -6.2511593424050105e+00
        -2.3218379803716607e+00 -7.6666730138346795e-01
        -1.9168198857823490e-01 -3.1509215938846125e+00
        -3.6203194185645522e+00 -2.3949252874113443e+00
        -1.0731709408381835e+00 -1.5844698766983389e+00
        -2.1763171385538986e+00 -4.8141992721778788e+00
        -1.5850574292510820e+00 -1.0473738062380433e+00
        -2.6739763273749344e+00 -2.6486211508988111e-01
        -2.3244304388448613e+00 -4.0151710929672887e-02
        -5.2285497641772830e-03 -1.9138928334036764e+00
        -3.2376837769872866e+00 -5.4882647080570457e-01
        -1.0816886657960851e+00 -4.6238888479362017e-01
        -1.3408272630039779e+00 -1.5808277839802554e+00
        -3.4839931005209555e+00 -1.6744104127941661e+00
        -2.3679089609756451e-01 -2.9669554253484085e+00
        -2.4371959050289527e+00 -1.6217327082604847e+00
        -9.6945179294896056e-01 -9.2948255942695788e+00
        -2.9527798527129479e+00 -1.8452644903733098e+00
        -1.1392740759089355e+00 -3.4758246685716330e+00
        -1.9753457327758845e+00 -3.8797855672807708e+00
        -3.1981258971961952e+00 -2.5211931819852764e+00
        -3.4399981666509305e-01 -1.1028965022008629e-01
        -2.4698030105707471e+00 -1.6092586602013159e-01
        -1.6643771674418821e+00 -6.3298743707220217e-01
        -5.7798562734884618e+00 -3.3552135319167958e-01
        -1.1405468916995842e+00 -3.7843426903573735e-01
        -1.4599536198813332e+00 -4.5981883941151314e-01
        -3.6408923270484639e+00 -4.2792429735650206e+00
        -6.3183995402131754e-01 -8.0207863882758588e+00
        -5.8713224334861138e+00 -7.6800505505576155e-02
        -5.2874793520454400e-01 -5.2785479367797961e-01
        -5.7326041140718675e-01 -3.1738497704489013e+00
        -1.2928023767412429e+00 -1.4855417615960067e+00
        -5.3124741585681000e-02 -2.0519706324293838e+00
        -1.1951526612461327e-02 -1.1280636102244257e+00
        -1.0134300634396023e+00 -1.2500520809668736e+00
        -1.0622223890931319e+00 -3.2718263251465823e-01
        -3.2059244813678847e+00 -3.5408554900049913e+00
        -1.7719510499189881e+00 -6.8465426721654876e-01
        -1.7765276851779259e+00 -3.1047534625675972e+00
        -1.4576254786540461e+00 -1.4078574722335502e+00
        -1.4514419235399623e+00 -1.1083863050908136e+00
        -5.6683113473278128e+00 -2.2580988534692499e+00
        -1.9019900414622690e+00 -3.0000642274457721e+00
        -1.6974109347072239e+00 -1.3203200382523230e+00
        -3.0105015687818022e+00 -2.4944930080975491e+00
        -6.0159977329446623e-01 -3.9563433668491421e+00
        -3.3713352964412349e+00 -5.2388860283612413e+00
        -1.0484064173620211e+00 -2.6781788195994931e+00
        -1.5116292481041931e+00 -4.4230110432381903e-01
        -3.5640905609808399e-01 -2.5953606406916334e+00
        -1.4764775086593658e+00 -1.6723795707091258e+00
        -3.7839767766695163e+00 -2.8798566491295325e+00
        -2.0295131351252875e+00 -4.3219344035261074e+00
        -2.5885846618879826e-01 -3.5940951679720783e+00
        -3.4207994889795583e+00 -2.8730550955596419e+00
        -1.8317474726103098e+00 -4.9089434967909478e+00
        -3.0327358286125244e-01 -4.1797649047447711e+00
        -1.2694103279230597e+00 -6.5704613376731471e+00
        -9.6712199076098238e-01 -8.6380604735025930e+00
        -6.6299158663741020e-01 -1.5819090849075417e+00
        -4.5225768158697205e-01 -1.8125394025885919e+00
        -1.3556173511463097e+00 -2.0074929085325044e+00
        -1.3829851111175497e+00 -7.0970830626026726e-01
        -1.7593360527734945e+00 -3.9853700151211713e-01
        -4.2076069022120048e+00 -1.7864518605837598e+00
        -9.6142727667863603e+00 -1.8501053739758404e+00
        -9.7358219461507556e+00 -1.1900577224285727e+00
        -5.9798572542998418e-01 -1.7796717034062162e+00
        -1.2160830160034799e+00 -8.8609653676310529e-01
        -1.3882756419380493e+00 -2.1159719786715590e+00
        -5.6140937797292978e-01 -5.2854840280033323e-02
        -3.0323459920570689e-01 -1.9912422414360815e+00
        -1.1077863192669368e+00 -2.3560877110193426e+00
        -5.0738177202955433e-02
