1.2915249677112306e+00 7.4897431398854908e-01
        8.3454226636432627e-01 3.6177298523423468e-01
        9.6106241063613651e-02 2.3400168227041337e-01
        1.1463203636159514e+00 2.1902571753519426e+00
        5.1653812394990233e+00 4.1562752828758831e-01
        1.1584403274007957e+00 1.0429980509192367e+00
        1.9748299132981262e+00 2.6633662017802835e+00
        8.6389891717042408e-02 3.5962910511895037e+00
        3.0974632686516732e+00 1.2500000000000000e+01
        1.4217034443142027e+00 2.9309356763043137e+00
        7.6569889388253021e-01 3.2445900047135373e-01
        1.2485790802241117e-02 5.1390493043087835e+00
        1.4280413369994214e+00 8.1354133457726163e-01
        1.8661479980733059e-01 8.2383510090968359e-01
        1.4963599994331184e-01 5.4520324779374629e-01
        4.2603563227343805e-01 3.6238399956492069e+00
        6.8936977614854067e+00 2.1872775542223146e+00
        2.1762555801304515e+00 3.9485751501129718e+00
        1.2179216379190569e+00 2.5737548396732204e+00
        5.0639927788518655e+00 1.6569381265819778e+00
        6.4879269133145820e+00 3.2901408124703533e+00
        2.6286284055873228e+00 1.4035489772004071e+00
        1.3330798642373611e+00 3.5412315759900004e+00
        6.8458845965295612e-01 5.3216269020189992e+00
        2.4451702808790476e+00 1.6850044042559591e+00
        1.3166093187445302e-01 6.8855479353456350e-01
        9.7457943692702309e-01 1.4306851607154511e-01
        1.1813275527619460e+00 8.4731129809325867e-01
        1.7031686286954020e-01 3.8486470901928853e-02
        2.4453421079997755e+00 1.0604921723956366e+00
        1.1603260643753828e+01 7.2802739783083901e+00
        1.8006240103768576e+00 7.5821761022364625e-02
        4.2840021186728325e+00 1.1055049074936644e+01
        5.9204747910038935e-01 2.5912285210138815e+00
        2.2894741801935066e+00 2.3114754518575664e-01
        8.1155484163809319e+00 1.3472760909768868e+00
        2.4017931810632644e+00 1.0116691159897551e+00
        7.5003916116829594e-01 4.9646901734687399e-01
        1.6423623590004521e+00 4.2038949404019705e+00
        5.3094939715842537e-01 1.5043343128575787e-01
        4.6675745866859442e-01 1.7416023070985558e+00
        1.2042798398871710e+01 3.5928987950441567e+00
        4.8287481507706698e+00 1.0648489686806708e+00
        2.3733853598303503e+00 1.3451160275856757e+00
        2.0339087180845588e+00 1.0558216733260002e+00
        2.7677497712315309e+00 3.9138296615716439e-01
        1.2434017646468590e-01 6.4855951784079380e-01
        1.8669964944890002e-01 3.4707821239235132e-01
        1.9964395723928463e-01 6.5931401775659548e-01
        5.2217669267828215e-01 2.7442632960294313e+00
        2.9049870208064457e+00 2.6561037794137599e-01
        2.7596203114025828e+00 8.7407838642269431e-01
        1.2153324307381452e+00 2.1956823606005382e-01
        2.2570384589003729e+00 5.4535488174095625e-01
        2.1556522592993987e+00 1.3054272832828395e-01
        1.5624195618579160e+00 3.1886326657861991e-01
        2.1747176568315378e+00 2.4233326557001571e+00
        7.5325800627725870e-02 6.3210611970331690e-02
        3.0684926634020169e+00 9.7684034268964997e+00
        4.1511706191666686e+00 2.0349468093660913e-01
        1.2500000000000000e+01 1.6850225471541267e+00
        1.7088349973123915e+00 4.6081856812893864e+00
        2.3455764851431096e+00 4.2523527743485173e-01
        2.7492927045870980e-01 1.1351830929177809e-01
        2.0129459885654977e+00 1.1914173700356485e+00
        5.4398161057563170e+00 1.4157959275437735e+00
        3.5961466406793323e+00 3.8195313915841451e+00
        2.4723345626443588e-01 5.5024233071702131e+00
        1.2884306193782089e-01 9.7730750356110707e-01
        1.0205084395757038e+00 -9.6504605503470522e+00
        -3.0866147005177119e-01 -5.4410822809634611e+00
        -9.5902389607612649e-03 -1.2500000000000000e+01
        -6.0095061265376790e+00 -1.1542333555877702e+01
        -3.8852739816452475e-01 -4.3761659045546706e+00
        -2.4082441849759462e-01 -7.5712587315780979e+00
        -5.5605397097701879e+00 -5.4026751678076648e-02
        -5.2496913324316652e-01 -8.2330992127858025e+00
        -3.6306294803145740e-02 -1.6766139867196492e+00
        -6.9400743238616991e-01 -3.0591237624718048e-01
        -5.5018934255160117e+00 -8.9565312792870333e-01
        -9.2257760531594233e+00 -1.1654883110344448e-02
        -1.9829573024668551e-01 -1.2303037230778113e+00
        -1.5905676708282364e+00 -6.4678504969297601e-01
        -2.8385851109948286e+00 -1.4651635672783081e-01
        -5.8190455306972604e+00 -1.5678502942640411e+00
        -3.0269036176870725e+00 -2.6565563104987888e-01
        -9.1923684301620341e+00 -1.5693971845823467e+00
        -1.7876099516502872e+00 -1.2500000000000000e+01
        -1.9757685180260145e+00 -2.4238732830431226e-01
        -2.5980392161958799e+00 -8.8932963311026869e-01
        -5.8210972238028340e+00 -5.2042651598237955e+00
        -1.0489654176135048e+01 -3.6610718567390337e+00
        -5.2108787737090834e-01 -2.4861363337697132e-01
        -1.0713684771185283e+01 -8.0385752448804624e+00
        -1.5476135898082239e+00 -1.0310720188912692e+01
        -6.1792310911556902e-01 -1.1698221648278897e+00
        -2.4080607311411681e-01 -3.4221250908360714e+00
        -1.2605500034274435e+00 -7.4468948855029926e-01
        -1.0160198596394592e+00 -1.6632873000213169e+00
        -2.8847721095933951e+00 -1.7827704315445405e+00
        -1.0504437749447337e+01 -1.9959844246716454e+00
        -1.5415823578530974e+00 -8.8793556432300491e-01
        -5.7225070478356499e-01 -2.6619088250755545e+00
        -4.7725355890662859e+00 -5.1661191711250494e+00
        -6.4472424378900761e-01 -3.4968487963562826e-02
        -3.1903297664291568e+00 -1.8941927030171861e+00
        -6.2376556015265221e+00 -7.6466184406835924e-01
        -7.8087410112362254e-01 -5.0420562426471749e+00
        -7.4963834706135601e-01 -1.6380349363374243e+00
        -7.1818774900119626e+00 -4.3643627413987751e+00
        -3.0292015984447076e+00 -2.1264177954451449e+00
        -6.5844049566890342e-02 -4.0923610090978855e+00
        -2.7837802068201634e-01 -4.2219578842309907e-01
        -1.8776291709278206e+00 -4.7760830964863299e-01
        -1.2500000000000000e+01 -1.4537167714089325e+00
        -6.9441786065703273e+00 -8.5090714180877614e-01
        -1.5373334235001918e-01 -2.0550896403198471e+00
